{"nbformat":4,"nbformat_minor":0,"metadata":{"colab":{"provenance":[],"authorship_tag":"ABX9TyPlwVjA6u0ixrdPK1Rzz4o3"},"kernelspec":{"name":"python3","display_name":"Python 3"},"language_info":{"name":"python"}},"cells":[{"cell_type":"code","execution_count":10,"metadata":{"colab":{"base_uri":"https://localhost:8080/"},"id":"X8GISjA9gvAB","executionInfo":{"status":"ok","timestamp":1770359287842,"user_tz":-330,"elapsed":11,"user":{"displayName":"Ashwini M Bhat","userId":"12361861224392479558"}},"outputId":"8b75d483-b0c8-4759-cc82-4aab3c6099bd"},"outputs":[{"output_type":"stream","name":"stdout","text":["nutrient requirements(kg\\ha):\n","[[ 12  60  80]\n"," [150  75 100]\n"," [100  50  70]]\n","\n","fertilizer composition(%):\n","[[0.2  0.1  0.15]\n"," [0.15 0.2  0.1 ]\n"," [0.1  0.15 0.25]]\n","\n"," transposed nutrient needs:\n","[[ 12 150 100]\n"," [ 60  75  50]\n"," [ 80 100  70]]\n","\n"," total nutrients needs per crop:[152 325 220]kg/ha\n","\n","nutrients_delivered:\n","[45. 45. 50.]\n","\n","determinant of fertilizer:0.004625\n","\n"," enhanced nutrient needs(10% increase):\n","[[ 12.  60.  80.]\n"," [150.  75. 100.]\n"," [100.  50.  70.]]\n"]}],"source":["import numpy as np\n","#NUTRIENT AND FERTILIZER REQUIREMENTS OF 3 CROPS\n","nutrient_needs=np.array([[12,60,80],[150,75,100],[100,50,70]])\n","fertilizer_composition=np.array([[0.20,0.10,0.15],[0.15,0.20,0.10],[0.10,0.15,0.25]])\n","print('nutrient requirements(kg\\\\ha):')\n","print(nutrient_needs)\n","print('\\nfertilizer composition(%):')\n","print(fertilizer_composition)\n","\n","#MATRIX TRANSPOSE EXAMPLE\n","print('\\n transposed nutrient needs:')\n","print(nutrient_needs.T)\n","total_nutrients_per_crop=np.sum(nutrient_needs,axis=1)\n","print(f'\\n total nutrients needs per crop:{total_nutrients_per_crop}kg/ha')\n","\n","fertilizer_application=np.array([100,100,100])\n","nutrients_delivered=np.dot(fertilizer_composition,fertilizer_application)\n","print('\\nnutrients_delivered:')\n","print(nutrients_delivered)\n","\n","#CALCULATING DETERMINANT FOR MATRIX\n","det=np.linalg.det(fertilizer_composition)\n","print(f'\\ndeterminant of fertilizer:{det:6f}')\n","\n","#IDENTITY MATRIX EXAMPLE(SCALING FACTOR)\n","scaling=np.eye(3)\n","enhanced_needs=np.dot(nutrient_needs,scaling)\n","print('\\n enhanced nutrient needs(10% increase):')\n","print(enhanced_needs)"]}]}